18.110165479283033
17.21406918442067
19.19776173318909
19.375114802704225
18.227771847626368
17.843470495713373
18.350978216454426
19.6158823861974
18.761691298844198
18.539612101955445
19.922532832067922
19.596987631845007
19.02058645636098
14.995916691563174
19.779360946915297
18.652357107532566
19.690204705296477
19.442981089964473
18.98083285643962
19.25356793467446
18.46915948257396
19.888299314843252
17.26461087344787
16.720071587859646
19.436876964965617
19.994529037864563
16.100784285175518
19.936232725015703
17.002353411244275
19.484960316656487
15.345195784836207
18.20191542915423
15.096435940932837
19.99007602664265
19.12961084549752
19.196431502088597
19.61455121892224
16.378159524299704
18.63054445899748
19.694756629649888
18.15606681150192
19.78191467214073
16.957084540833566
19.675910670208605
19.804169558976266
18.785715032118485
17.70404869879638
16.001088107071684
18.414184707002903
18.559698454602525
19.085218700502402
19.542137197009932
15.368037064293414
18.612397506447603
18.223803410634076
16.771025538874884
19.686216044557423
15.591431938961344
18.76615318814074
19.203965249208405
16.563446725600503
18.244226955568315
19.431740044678367
19.702301649066165
15.788092366713457
18.85064689146103
18.00350729482992
18.641196549708752
17.99840204258606
19.411388723993134
18.471784275238097
17.820894471772235
18.061387899362447
19.661016031125133
18.333260750843774
18.69820328141679
18.786411883088412
19.749694893883106
17.166326473650855
19.089016189759555
19.734821785879888
18.746958088275946
19.933140966852577
19.296674101223513
17.43390782877478
19.52245508707793
19.545472557103935
18.861946987840945
19.591763725330942
19.89957214860957
19.9341662123168
18.51501913662876
19.77938632878625
18.01221448607191
16.160949098808842
19.71209718949863
19.549670212848127
19.821235057407335
19.35283051937956
14.107793364719953
18.337473577266852
19.905115037627482
19.673409544469088
19.42040576932449
17.841714827534442
18.566376414379548
18.136641247435087
16.88254589323081
19.795542598968336
19.320936709240435
18.616029110095837
18.07096751630634
19.489693472602553
19.997621363184226
19.553341201945184
18.650680235522437
18.817216843179246
18.36203746755126
16.144253510627923
19.44106484167222
19.58738850842549
19.956394376699357
19.08278060106938
19.43771051590352
18.593742583573015
19.717295307214627
19.808783788338662
19.95649246032785
19.763234261631847
18.298699236002488
19.431078196521334
19.30444473348395
19.931956746413224
18.407042409904115
17.789937636824835
15.722869513107849
19.880000609880167
18.879737280433897
19.995303567873602
19.23307603179292
19.703716755869287
18.81156129984961
19.84483065834134
19.615684320658886
14.61176754897585
19.686401623835827
19.749565808665867
18.437585124145148
19.678604755796222
16.331419800756844
19.150602008181103
19.71937760774836
19.59744025851362
19.657017005174765
18.247869401528394
17.72260045257657
19.843626815930364
18.515345436000025
19.653302661824032
19.126093715076788
17.891639494752418
19.52520132060548
18.624739968841393
19.92083037509983
18.10768568406594
18.574552179854383
19.12183336258522
19.310702659822873
19.542016968551792
18.88129535254277
19.75575519976476
19.03361488370409
19.276538085767264
18.694046475386504
19.139311903954656
18.221967574948362
18.488417268222708
19.074790325775474
18.798809889333942
18.423010601595305
18.004563120978244
16.840994503154533
19.649283268695136
19.469949432561293
18.320186215532317
18.46359333969818
19.891021884354764
19.912163794850876
19.753114863710746
19.273753265747576
18.328551965086994
17.997692927009105
19.423277880520665
19.433977723270903
17.453368396694312
19.91805411269828
18.781097345718038
19.07521756673302
14.599778887930176
18.51715056179733
19.333664555377986
18.856766087011376
19.87468399553208
19.608654551442104
18.210529016687666
19.085273159245606
12.728054272001327
19.612434971206305
19.581697151879943
19.12435476730878
18.229236787924204
19.243301134608817
19.884892487068264
19.609796768135656
19.414968463915688
18.502197048448608
19.372792687411497
17.617616392050166
16.738394325120147
18.959497152226934
19.924188864848723
18.016516656159492
19.703114587634232
18.141868915145587
16.34574991541347
16.93404266148634
18.508966759980147
19.221706370523552
19.782779591057174
18.352828859299073
18.19187605026316
19.272903976997483
18.81780881356873
19.23866346909017
19.41771797913528
19.691788597561565
19.82227713081612
18.627333753258025
19.81492135158012
19.96348531918158
16.440034036377142
19.827388603945842
18.968569383713476
19.298136950635698
18.675464334764825
19.729395403602943
19.35094244259332
19.83000465937361
14.981463914196292
19.99109974728662
18.102553210336513
19.232580227076333
19.36790734339276
19.551298399047635
19.603027185801473
19.312519277611795
19.8718950128401
18.88905874208636
19.993744538680655
19.937615597445536
19.467318574157687
19.46676492289677
19.45486891337197
19.897783377241023
18.17890273481942
19.563911049605508
19.62912833603885
18.54991148084637
19.830350400718697
14.64952509928217
17.08585066437613
14.123010309553253
19.191262004846056
18.78713468724317
18.382671568828453
18.770564357116708
18.17096562689108
15.608336253794578
16.940998731164708
18.649756746575736
18.574931745389392
18.23168044521967
19.287461330762856
19.869028158228282
19.464525550654997
18.071603739788983
18.08355202066354
19.373602791847816
19.74833796569924
19.87085776197698
19.902581648747788
19.344522285726114
18.85938415869478
19.287585882764155
19.83277982783952
18.11849413304538
18.342439299405175
18.576067473584946
17.99526185207919
18.327508916198237
15.426911629344549
17.30646844460745
19.53796988709445
19.964791703599754
19.13714602638444
18.528085753561456
19.04179959391622
15.18571346903425
13.96694655696099
19.736237292053403
17.912471790795937
17.84884694180931
16.286869667530212
19.07981758570897
18.32670918917006
16.474098245968403
15.75818585576719
17.245232776578938
19.78444229607537
19.846483632911497
19.351774537677287
15.876555132269509
16.8120394596919
17.973707492150716
14.676853679164273
19.899874506563027
19.521432591495888
18.211113939952853
19.51934088783111
19.505884374392032
19.714053880208947
19.75175467424221
18.393876333442968
19.175505537485588
19.048192012785353
19.794727812018028
19.104675922340085
19.793153610670213
19.2790020552522
17.322484000865266
19.94125790576367
18.057166651613983
19.61620785218037
19.042426986995434
17.196470477534927
18.25154800481542
15.633135147780271
19.954477079260073
15.672304914016493
18.394237080174083
19.056139909098285
17.362036756746317
18.60322576019123
19.444735767900482
16.767223132715962
18.399709581840018
19.725447484108923
19.03593969907319
17.808699116735326
13.638820210296684
19.844465347243087
16.802466205773044
19.10521014515782
19.7889554285627
17.943968929642264
19.669144339765133
18.71288733445596
19.72411280950304
19.036214798078852
16.736843563423818
19.42948201894695
17.51526380777619
19.50702584400906
18.269169582754266
18.562639767147754
19.85819317564576
19.066073912951456
19.81279777699994
19.51553470597902
17.60244565149451
19.53840273264863
17.49062961935453
19.891063725386182
19.63270426438774
19.74298744127283
19.77611391692659
19.94811162279356
18.789904475778602
18.108847197969205
19.166345521775284
14.302461157478202
19.49148413873593
19.99339135544984
19.50152594804048
19.37487553134904
19.427253670184164
18.19039338913088
15.961339531336584
19.593320961592443
19.119811178243587
18.868195472606374
18.662818572659962
17.924689540112485
18.632968248363845
19.4174209442895
18.31321365646564
15.142088707424797
19.170466016020235
19.523397959798928
19.98909286122925
18.798702092979394
19.89726399987443
18.973283644207505
19.113934278598713
13.274692900199907
17.71842321332671
17.23791677706882
18.11047420863939
17.909182408708723
18.835182503796116
18.849197409365622
18.049956709909967
19.85306508677175
19.9820418390568
19.24203674297649
18.340214707444044
19.508318148973476
19.759471332552458
19.573714228500183
18.764910416881495
19.994489062466947
19.936345202990776
17.188929556511656
19.45354662923059
18.856150352086367
18.794019063336037
19.783536187953757
19.603636149214623
19.677529957847455
18.736308322035114
19.345003461696745
19.71967061118699
19.672949956251372
19.939996369668968
19.999630654432476
15.802907387320056
19.49807170757056
19.76301884665075
19.54845024288683
19.675987926038673
18.176020818623343
17.734495740496342
16.649159474553326
19.298608898084364
19.382311197816005
17.884260079580176
19.46802426168809
19.158884728929397
19.951456936506034
18.711157070681015
19.446491217609054
17.8176432716121
19.20292659546693
17.58997519556898
17.50888797381303
17.938693734265367
19.099349522976745
15.700313489973915
14.148218020642375
17.836462455707096
19.50829423200767
19.42355515481443
19.455496662689495
18.175564512672988
18.481291107746255
19.857319059926255
18.21385491212874
19.424863979841994
19.993464851827127
16.64163357293063
18.862714156396617
18.45065532047753
19.757035860351063
18.457262552460964
19.622854810446047
19.20946187236979
17.049956014003467
17.36814523797279
19.932406091985914
18.064035766940975
19.934312348693734
17.910597234565454
17.696824073736174
19.53420682399449
16.297701471875126
19.5488669684534
18.224121603292193
19.283679111017065
18.83519046169051
14.880618726430617
19.82557251892685
19.295273192212292
15.198943588173634
19.135917827062542
17.1907739600918
19.070637587367322
18.44352152742147
19.680693372140237
17.38472301997757
18.910976840086253
17.427929070040907
19.393940818745996
15.53582215823896
19.84342930058582
19.742906345382323
18.525865991492378
18.255553823289784
18.664874582751438
19.31285722413504
19.583300115989218
17.414156900384036
16.689417638347123
18.62086147579877
19.49757122485841
19.947322815322302
16.339317435910715
19.32938083759428
19.83536718228467
19.811156020017968
19.719968319941568
19.70802816412752
18.784982705929895
19.69100294304711
19.415721222632815
19.532560358637443
18.26015721827317
19.566516669578732
19.5231525719756
19.516194562952123
19.77775812378041
19.713431081961744
19.488264918572803
18.493877781989603
16.75478597967383
19.599825140592962
19.83751288359102
18.69522899232676
19.991368795515474
18.961350340506037
17.865295834704664
18.744586352950552
18.402119123386996
19.960379918788238
18.96977819227735
17.982656563543646
19.310317109073132
19.897431495562348
18.90266739709942
19.13998532903956
18.926570150845414
19.639718152148237
19.771891551204856
17.114790833000065
16.033533279734893
19.09394154454017
19.440436667986187
16.90817390627314
18.81722152935292
19.07795048396348
15.876934036982805
18.51742336232451
18.99172943887714
19.570636651762417
16.438356192331675
18.19679077756218
19.503846081483726
18.204647737258025
19.617803092635008
17.907607349098814
19.68507536076658
15.832198224873496
9.157134760986654
19.39850463557604
19.976380459019385
19.7690207978353
19.527622388780628
17.606241799846604
18.476371309645742
18.63306364385976
19.092269393450938
18.04885346501774
19.533297637881898
18.423582904879805
18.311862885351783
17.478080784321936
17.67195928761054
18.27628138681149
18.963135840759556
19.877117896919813
18.09401643928779
19.95642521102442
14.971042809039398
19.22275692874404
19.356693543511728
19.731620225958782
18.512792793200887
18.472598352213797
18.955304309630954
19.909333880775144
19.66482370306892
16.75389901043488
13.953381891694772
19.747302996873742
19.06720144672665
18.710422152102264
17.325197446800512
18.463807907617532
18.52004935981769
17.093922494279038
17.94077392908183
17.629391795248054
15.810973758471604
18.702284727626957
19.02023522709847
19.41653125745117
18.679102446385883
19.424592502969634
19.11218381341454
17.333069240026614
19.510845090678192
18.660269478849088
19.25766971345905
18.278348442461017
19.908004671827996
19.818982287582113
17.897927431274233
19.644505046313974
16.144499762516816
19.711570990716016
19.041006459232648
15.174200008799355
17.36138344896591
19.478664021942024
19.299304667535313
17.89294051140092
19.761463745148355
12.130320089949802
19.11268809753483
19.088063382432953
19.81572394147407
17.11871377759337
18.18469250139179
18.23438158693892
19.79784745145936
18.225383832847157
19.604402592539728
17.81098209106864
17.063113572107987
18.060201711806865
18.831752674483624
19.049453003291493
17.925609558044297
19.759390611160008
19.639541261035173
17.099692082279883
19.395487139310998
19.86675481670741
14.993145180506355
19.544234697271552
19.347836431091945
18.75741979352741
19.022122432250995
19.23363333126782
18.298884510733615
19.363118751976263
19.482430453460665
19.82293266841
19.804359824810284
19.34484276468148
17.66366978763229
19.60318528191735
19.182529683514158
19.042443859691563
13.685541198490384
18.941298831448524
15.470327615355382
19.00769426041205
17.453118118469153
19.13311635146096
19.608343773451388
19.38754219648808
18.651413666079552
9.134916585799763
19.92050949425627
18.325357857431193
19.90003630135178
18.235930178890612
19.40204895249652
19.569295764263547
19.339072922035086
16.97452420473757
19.341653555183772
16.492633925452324
19.300779317484267
17.74919827972222
18.98565321450977
19.7487804368436
15.954023025148151
19.37736086917284
17.77324013392864
17.553334381129456
19.906745942176492
19.312802530874226
19.375443592919297
17.78423176871387
19.398335841682048
18.658276836138956
18.24985414733406
19.706045251029995
16.941867100308286
18.544870966430594
19.04115729295321
16.170294109988212
19.49776479990907
18.982599292445716
19.5038192365805
19.112915226387447
18.88332908543295
19.91642471710876
18.161612193679193
18.46939608820583
19.601657053258737
19.789021925607393
18.463089832385663
19.967775946244426
18.985960653724053
18.17295112142433
19.35281322822333
8.583356861928893
15.459025945746362
19.639471595029583
18.28246076965438
18.312514024974643
19.91049460398801
17.528444568522684
19.46368747481276
18.76783014419206
19.179090880532463
19.665007914387804
19.438773704844653
18.47911859678546
19.795123142658625
19.71697311729546
19.052920353747613
19.874410581995157
19.055576065148927
18.92843983260834
19.300637186658623
17.60244763912613
19.665980145436926
19.880697740978217
17.843402226704526
18.46754272860924
19.655878649128237
19.46242364866689
19.162116272531467
19.611080273962795
19.31067373127929
18.545723327543037
18.628393238444364
18.874659566438012
19.329644206465655
18.56406943237818
19.607845168280274
19.664823209691185
19.34427040190467
18.851843467867173
17.9135983460788
18.841357051067725
19.752872250075807
15.699700552934196
18.941873198860762
19.937016442454325
19.990365323022562
15.849630082501404
14.53944995564462
19.524440359826972
7.496175276463085
19.228663292846722
18.89206921677044
18.259964591365055
18.64079225289718
18.469607365340718
18.47867231466614
11.340307201689
19.100337478005898
19.683451974803734
19.316025504489524
17.252163947468485
19.76120475851022
19.79604312795321
18.8464658774098
17.861286579552594
19.650489669599803
15.940279746355788
19.996659594477634
16.805811099137234
19.724074569817834
16.999856688135157
19.491026354083196
19.704607393820332
18.113747177745974
19.885849579513756
18.756552327711212
19.82644406393555
16.43071808364182
19.9676178377839
19.75673885182774
18.281324528860804
19.706490749476277
18.839775021223886
18.97669244429264
19.997256700559014
19.988276419551198
18.929483718713694
19.4139284044925
18.886711769366315
18.21632490977988
19.611750816700376
19.545927792769795
19.364732096894485
17.873976410596004
19.944503187148143
17.523232669911202
18.277100095997476
15.961920434965302
19.96483512164198
16.254292828090502
18.15743666366248
16.11053347671629
19.13132136536943
19.057163947121385
19.397094178307853
18.887455751222877
19.15343999397584
16.085458501087768
19.41992427879993
19.42907419405532
18.307229311695945
16.31814066892457
17.858611453112907
19.77667015325321
19.562281127519775
18.548449569332927
18.89956144288106
16.97764709962182
19.684595924594024
19.308223366127315
17.987066200806485
16.54237256237586
19.3021767868405
18.93628890519905
19.23924638822668
16.28079039538294
19.57525170013542
18.674943418117522
17.82765686309365
18.78189874529566
19.89129152422372
19.712652700459014
19.920602392456438
18.213431069482123
19.9222168253261
19.05947101977975
18.391793469609755
18.104813635779806
19.562069105607005
18.976687028420812
18.13037500683044
18.77375673794819
19.810886625629802
15.476809691866787
18.86317140522954
17.69978726768169
19.03451318585684
18.724100743134567
17.245250505472825
19.748062153386435
18.71917793174331
19.244571217522417
11.045717418632293
18.072175319745696
18.137194008845857
19.404543946002388
18.799971956214247
18.117527509448067
19.391914870672917
18.94039627254655
19.790322696990746
18.622828557224103
19.773397798756253
17.54946015572771
19.527122669686836
19.434694301257316
19.86833155274293
19.22440478902363
18.04794048837863
18.79888034949693
18.73799273171776
17.813763029121244
19.019919978581317
19.23161883031217
17.270932895632907
18.98795903489029
18.247592083488968
18.47284321634546
19.622279142470006
16.813384164150087
17.768745434988368
19.550869217451204
19.202330808826627
19.446891649802502
18.944953233288892
17.665621478726344
17.338181630834494
18.356404748496846
18.03658984590718
19.738187523110827
17.188315254208206
19.426293303467144
19.037610411794642
18.18349666135062
19.068562202183042
19.765481686001753
19.603425295985687
19.653224415480793
16.92948477911869
19.07276922715656
16.498382864728494
19.023874953515286
18.860376660377632
18.616106367767614
19.40279164975195
19.386383800555915
15.091124400195527
16.285310314566818
19.22347049232659
19.401999350987282
18.16444142593507
19.70511273368191
18.099030479464357
17.49964307113918
19.298737930297435
19.504167485161513
19.67515206261229
18.63933241925311
16.208324444089854
15.217135096162304
19.09895428929396
19.55147456298248
19.19671301397918
19.45108909396755
17.312714616679518
19.91611947480047
18.929183257330816
16.67578124168328
19.28598991808752
19.905649158488966
18.29554184036239
17.950412245459034
14.837040264626543
19.99431544826161
19.34224219650897
17.28396317892042
18.725981764146255
18.392223635432877
19.84936455444238
14.087922999608013
16.671801677438324
16.90181550581705
19.38438783865275
19.596921204998306
18.350916472315607
19.7381181207759
19.997902050360192
18.974568969102542
19.87311515081994
19.505909314981363
18.467114006073068
18.956767787932943
17.551862955266767
19.923959084540495
18.692663559238138
19.02718831497747
15.387794654496055
18.954860551600728
17.805520565995643
19.874617708211765
18.215360249115335
19.7178242436032
