23.082218105540157
21.52580947644072
23.861440777417023
22.941942365260882
22.445302520732536
22.63617111963967
23.230272163974064
23.839676749147543
22.401602649561536
21.127672987179547
24.112231685478616
23.447944782259174
23.64963367550243
24.085972735679313
21.11660623524773
23.50831698792156
23.48591964463096
23.853006557065783
23.241438634872612
23.9895591415951
22.388053889222864
22.360186891006876
24.186333594897697
24.291622397297115
22.982317281114778
22.819054041965142
24.06411284470136
23.851958751261918
21.98915786624593
23.311059459619425
23.539195464100803
21.811826860449745
23.575148698633125
22.287454734617327
23.967498483107267
23.686452496700777
23.40145216614065
22.48161271601654
23.509089087712063
23.848872104952253
24.06396861446732
24.276901529526466
23.73808967696962
23.710013994620276
23.259482872805542
21.88514307013883
24.312775904320368
23.19131442070908
23.935893504925314
24.02144121781853
23.553613716338827
23.07619156643118
23.033615211320793
23.684066374288523
23.125514620871378
23.795517112452906
23.984279532219215
23.873366939568694
23.063283234638885
23.597467516432875
21.304645355123867
23.816134890165834
23.73870789507393
23.78407133509849
21.82297979539401
21.05411079137942
23.395197896565055
23.83606552252778
23.838093972768238
22.77872782926628
23.018377401457307
23.980718789085046
22.1566778986084
24.201579321279237
23.029469689112
21.532664551195825
22.550764946290673
22.37444791760975
22.217351821941545
24.099506133780743
23.905885933359503
23.631062463499163
24.084465494736467
22.855802918822224
22.321912241849557
23.539251971888863
23.382571414487167
23.539657809257086
24.002859936192177
23.74984079679824
21.009428881975502
21.187904073627852
22.430550667236
24.30332298872543
23.422638992429796
23.15786403223104
22.748815797597427
23.850750048748402
24.23146506318824
24.312606866082465
24.30361372616343
23.292298828807468
24.028381392779334
23.386259930039216
23.94292785097811
23.257488338838833
23.6556637283942
22.95679512796832
21.59528598708914
23.921484922605014
22.85116579777601
23.984239374213125
23.78406014880064
22.6662303947564
24.197124109525173
22.926321947377346
23.896640000886322
24.114524554310087
21.757322775595583
23.628009846793187
22.8711863799478
23.8427579148203
23.654263464630244
21.912146208688455
22.440302809200407
23.00421545480292
23.58439649278371
23.679845069446014
21.16893745550317
24.22706419822363
22.805644730488158
22.407756930594513
24.020267268293246
21.675918614234327
24.263432386573154
23.67112792954962
22.455401547428526
22.203464654918243
22.003619288144904
23.293592175599024
23.315324490706438
23.844798038745726
24.234696065742405
23.766868935203235
24.25972486474119
23.69203968920041
24.072706291456345
22.674369362750788
21.83458895678234
22.409654839046265
21.581325196226217
23.35483300639708
23.856533586007544
23.904958619036908
24.138061385111644
24.146955773463734
23.916867009758917
23.37572670592224
22.636430251065637
22.88611977017348
24.17705013989179
23.216018394627127
22.776842435031252
22.40578265161187
22.138016637826766
24.28050432322166
23.44054250465593
23.24004243926955
24.027313389279236
23.455588858816068
22.346896131247576
22.760863576396698
23.400967478213367
23.679957803673503
23.635668001704516
21.446011949972586
24.142049974492323
22.084721896408272
22.71511714095676
23.868928893706457
23.25627843193596
23.612732241413205
22.962344203270586
23.229807036299356
22.592068696906576
22.406561861884846
23.495862865656346
23.30299117583476
23.288069526456642
24.168780116703033
23.967635451064687
22.95038344234639
22.94723498869514
23.195483479003464
21.980640463658897
23.51912996164845
22.981799209965278
23.751418208113556
23.2184923163575
22.186629703752576
23.790750270526917
23.659719415015335
22.38395071637632
22.47868062457803
23.00197692071066
22.66213982543455
22.657848848223274
23.243545217293445
23.06843697139513
22.06332935372231
24.23796392965165
21.36488270842399
22.35199810248147
23.041784228590394
22.512993252725973
22.980247278748717
23.838874234604816
23.771092712623393
23.189745274921307
22.397662370966927
24.254290117435332
21.853891283035296
23.110062590445068
23.96059407225195
21.532471961768973
23.785648074663417
23.449809967071257
24.223032778688225
24.12339624664174
24.03025589655799
21.044927660043914
23.84185543941155
24.32052116500471
23.239950952843955
23.62234343710198
21.13499526124203
24.282633329326227
23.280904989728587
22.643685040301115
22.333262586944404
22.35476919678404
22.872282923114902
23.11548380613512
23.516376763705626
23.759333019768995
22.9548672377692
21.499149728187337
22.062320180492726
23.041774255757737
23.73631019809009
21.597476275206688
22.906308111931146
22.813142756524414
21.019387703421398
23.91130891423328
23.740317178536543
24.24903852652027
23.492693462334746
24.26615867084542
21.967967939290276
23.51061523831269
22.375639807373314
22.042881473942533
23.709489335040224
23.853072740050695
22.790716276395933
24.258661706593745
21.16169771027496
21.735133941093373
22.14258546533149
22.623687385918352
24.231473454588283
22.764945027430095
23.379578670399155
23.951932223725187
24.116952848071676
23.91996301343601
22.252135319328836
21.42565651127489
22.98384276368999
22.1537086242714
23.77108827328862
23.438687519050795
23.632229519031142
23.067307665942515
23.89277395382586
23.602315941798615
24.072180234993812
24.23891484391159
22.79608292577596
23.223907834574554
24.139310699398496
24.09029701251623
23.556816201215092
23.6436712726497
23.202879662111624
21.693167332912775
23.40312047987691
23.34589017795946
23.301143294109266
22.809681599943705
24.052856628016517
23.49355483831402
22.007764006653616
23.11371929393723
23.617449322267454
22.281523831313557
24.00150947327297
24.28384353766828
21.345531529822413
23.007716436622786
24.28100009781725
21.589623963778617
23.53061436589593
22.16571377167824
23.056530823546982
24.147894242034493
23.31941787641919
23.70051110901966
22.56952261279359
22.811888941537738
24.06665263727578
24.278060567466383
23.258209954435813
23.80781462610909
24.281052206568535
24.267492525362755
24.166902478156533
24.285720138368067
22.7603362934032
23.153016163787772
21.705669236367612
23.716396155349656
24.30960858346082
23.548661443819768
23.839546331654446
24.148000596323175
24.194043887354443
21.264451220619375
21.940345966320702
24.03068377263273
23.575438866797406
23.19339732707943
23.77621744896785
24.13478328536691
24.29585453185088
22.173912023609432
24.07228211622421
23.160102556330486
23.94866421785052
23.943528708809076
22.18308304752494
21.319143613565466
23.43252364861334
21.330914797283782
24.26179914084627
22.18126560561411
23.12154865711016
23.46429173705646
21.364390615846094
21.614378443891272
21.00579442760017
21.888570866932906
22.22732781414383
22.665110619250765
22.070467506465366
23.880054532640656
22.649560685751318
24.242106998291504
23.74169387995496
24.013328347772234
24.129092505302786
21.61429977722007
24.17460963220174
23.646424528361845
24.219756762167272
21.035728652018477
23.130689557658176
24.10475996982814
23.57572874632732
23.720319145211946
24.306061458756144
23.198381725512586
21.22774599320225
24.017802601855617
22.479888028031706
23.635786589663276
23.382279403017364
24.002594563054004
22.84500329639955
23.179585332753774
24.16388997452323
23.046173418366948
23.67189243257024
22.06352771612478
23.44013390150748
23.077598120135914
23.802094997905897
23.219703962777476
22.773533889388005
24.135770427902628
23.500120402810417
24.136621473015985
24.00608637083182
24.034410273617915
22.508060784308483
21.160021605837255
24.17764182832048
23.986129413965546
24.0938282403095
23.605117198204116
22.541125995802684
21.764282710692687
21.56929920176448
22.647302602592386
22.899148819460343
23.87527714605939
24.0632570650311
23.976811715481876
24.098844036714365
24.18452375538593
24.183094297869662
22.505810905090218
24.062609657038816
21.287345880206274
22.523313652447843
23.581033201993367
24.16923963595831
23.356933502597933
23.264216966187742
22.879609119769796
23.913455580666863
23.859770849649422
24.234611477996086
24.097064750086894
24.29362098359498
22.779380139591936
22.783462972436833
23.77331314932273
21.71865016447497
23.952808856055128
23.542492549180853
23.633925007093016
23.713491496383735
24.113577396068717
22.95562819021098
21.55215629978995
23.751986852901187
23.84973902985542
24.01149178235016
23.87069550603584
22.284888587339175
22.725174651646004
22.921859232377127
23.743239187415654
21.07597163534266
23.441396126685365
22.29151419382284
23.81687056816418
23.93280916835312
23.978856563558825
22.211863838094516
24.110881597690398
24.03954676325898
21.850572594250334
21.98371435006595
24.16778967778333
24.192842395212054
22.513445459113374
23.220519238616323
23.789196362707283
23.41522683264929
23.434887317245156
22.70316941888042
23.16130145019595
24.289750638579864
23.898504475167798
24.136630451298043
24.23096712606832
22.79843537070231
24.22325114729289
24.30184184502298
23.588754586918988
22.866906034608835
24.24529146068712
21.817970976438406
23.373570551189513
22.306804900054498
23.82150694541186
22.169664411936274
24.071231777701897
24.23345743086937
24.246091151124105
23.09410763459487
22.06698674130045
24.29647100061093
23.294015547961042
23.70403210707841
23.425844296822763
23.579705101259055
23.028718551107666
23.70367432254863
21.033209506268484
21.23109554454407
23.27623323853012
22.382926971083382
22.54904203810651
23.209526222160942
23.386989474706507
24.24525429636057
23.81801000636776
23.95662083271123
23.674944450294113
24.138394686339723
24.121046720780765
23.905950918009488
23.529115161185572
21.192577304426052
24.04129076433119
23.507294517440194
23.603687762739817
23.71509848494558
23.577316073664395
21.097274519496274
21.603842447982487
23.397444784197084
24.049387882193106
22.975527298534463
22.521981640993932
22.041651227882152
23.053253193408434
24.191926256869742
22.422596140141476
24.297160283142468
22.87652775797002
21.601612259620296
21.653082482680503
24.316898495901437
23.990045750220965
23.847469468016882
23.455568858958404
23.84152103294718
23.295643873481964
24.033397123638505
24.160942460361834
24.0694517540301
21.530311706977983
23.682717035300605
23.38192778980409
22.269376830890856
23.55832285753765
21.585234794802844
21.336370433379674
23.579128415270095
24.29954881876747
23.483814084286177
24.006243661841847
21.874294735748684
23.502909572769997
21.355241399628227
23.671761364806084
23.161377083489995
23.728338211587996
23.735093737688512
21.445682512524574
23.04291899410074
24.181490546432578
22.89467314647193
23.18431765113563
22.32305738760267
22.716920374206854
22.91002077440996
23.723469748263636
21.801883588946275
23.79095905137553
23.500489914358376
22.43061156415182
24.030879351603613
23.012582176765424
21.95446012134484
23.91394060482502
21.922935632649097
21.86743816826625
24.29319271867585
24.128766968756057
22.909714966870887
23.327046586563707
23.782117707030718
24.118054593878814
23.747230368204793
22.931675542218123
22.530029744511737
23.072155394040795
23.508972272753827
22.9890041608806
21.406665268416287
22.765577915956147
22.444215276792395
22.717303571264395
24.184032913320994
23.64128647007074
23.464279488228456
23.67446027951589
23.82687076753799
22.37639077638823
22.438977605253577
22.58386787904569
24.029546434926843
23.768803251299115
22.366398276414017
23.921544744642315
24.29424353000616
23.854919609030674
23.46765942586918
23.03207237769168
23.36011879922123
21.76139712171635
24.09655503746245
23.087960593276975
22.460580130576016
24.013868473006344
22.30040106246446
23.437599457527572
24.242926338523525
24.222492707115315
23.373625443515223
21.51995821985756
22.801537048582386
24.057459931863203
24.029178953458736
23.49037628931675
24.01899315855972
24.169254638335907
24.282102258288056
24.30490966405715
23.835240070556527
23.031461941233758
23.672490763520656
24.122096487573803
24.29237870775727
24.108383460258963
24.176168908004545
23.119707675426607
23.162342339466658
22.94873067282232
24.1468503071528
24.192393344479733
23.705866145318353
23.399240544224913
22.19030222147057
23.09524319901231
23.634116095932253
24.074334695910316
23.391381046645378
23.73273325753298
23.598246554884433
24.029024289647325
23.93955490527217
24.14491745448587
24.016517580338377
24.30092490599609
23.76747921495388
23.0841358089911
22.953834807970942
24.106662056115464
23.961816034744707
23.68754890618301
23.267146542150716
23.921520242739987
22.19114659314103
24.038784539744945
24.002789990632884
24.085976404261586
24.05743770525379
21.92626733261678
24.282377106146203
23.483599343673674
23.64982145826316
23.60766028022222
23.921534858485295
23.285501875013185
24.2163699364362
23.844932207832127
22.961405052448267
22.25234323704731
23.297681494524955
24.12497637451279
22.544740038734304
22.04556743715287
23.356479854615642
23.662488037504215
21.010865943744374
23.345747632826917
21.789484695357274
22.062088174761485
21.870238246636937
23.845521545828635
23.609894705862903
23.760380844644125
22.667498415300734
22.546702493308707
24.157011823165853
23.908272321293207
23.37130105845756
22.995798472487504
23.051179964898093
22.77923567480785
22.401423795527904
24.008214219932047
22.354810831649665
21.313848641748805
23.96312563991379
24.258407170611864
23.533591494679193
24.02408339644745
23.776995450843632
23.070369556126433
23.66132512657088
23.245128315720315
23.74179708852078
23.6228449573047
23.572623925607378
22.20285179251513
22.830770739468107
23.56267074505461
22.500821292397017
21.999447179261388
21.76035593106741
21.262242582273096
22.503550541332583
23.571842186907748
24.28658978076887
21.13168298505637
22.867139290112615
24.138138763758455
22.717999570387857
22.719272691736933
22.997763632774927
24.066589762977504
24.127801018014097
22.2177773211228
24.103460868844365
24.13976925625288
21.245573463319715
24.297581999455243
22.30775794788854
22.69389756037586
23.174285461346564
22.05310061188625
24.30696042642696
23.244659636813658
22.471390910989594
23.41842307576819
22.808943844095747
22.88061703729103
22.220339919885717
23.948951020486472
21.31174752551018
22.631547921758973
24.277464849731523
23.97441355226231
23.072943776895904
23.5624018819558
23.3750287629432
21.23857897742365
23.982347175307552
23.404000073922923
21.08792176424275
23.275109720189867
22.173507412457912
23.648782450296103
21.52572875265595
22.74160888688613
22.768502970312976
23.99763031573349
22.61182916432749
24.249240208767226
22.797522028436518
24.126385908449457
21.94219518887634
22.47636167584467
22.781013863853254
24.175449811018932
22.57736482946849
22.364006570057295
24.291215223639693
23.67656044140069
23.853961705984837
23.417896708463346
24.159882473688388
24.076439523324122
24.00307757138513
22.88655432843707
23.81514109156586
23.104681068965235
23.019873456044184
23.205174974700643
22.86076623220312
23.340061920501025
22.102496926456325
23.639133189248096
21.629806431127697
24.146145161012587
21.77337073807446
24.06589929738844
23.677144261966333
21.20695490172802
23.834419428951403
23.590644191154794
22.806321316318673
21.51045386338178
23.38917529664149
23.71053707548154
21.271854947852137
21.840619043855256
23.445248171728224
23.673040901313453
21.52297531255492
23.604832809932528
22.917605180850476
22.14057282450953
21.698757934307046
23.97682724983369
23.907172308589747
24.233176193797764
21.607054220129314
22.807460656728363
21.03995983123509
23.226524643298728
23.319105536131634
22.727034909600214
23.939519646522342
23.672238758657183
24.220364470079776
22.775849628629572
24.17126141939323
22.516808518416415
23.972707434512415
22.28311596103994
23.976981812441526
24.146217182704053
23.388412912715705
23.414401168965654
24.244454143930728
22.109796921419616
23.08455080316479
24.299571697352388
21.7951810538247
22.406954057500304
22.550649101150526
22.076747118865754
23.736473174536602
22.91870885680277
23.97448487029727
24.039757234360295
22.855246115483904
23.564981056542738
22.71148276797941
22.963976950167208
24.20332955300376
23.399484547242114
23.65079423084575
21.8356733260233
22.006629789617495
24.308411711879828
24.279121756756116
23.898442742905527
23.691311104785036
23.165221775993167
24.277988238199114
21.51713400738417
23.81935815653699
23.64112361907897
22.604006681901133
24.264812247972902
23.698184276591093
24.225857569038386
23.983654036738876
21.838668072362648
23.09658160693151
24.2750008790989
21.10502639336241
22.914180444875367
23.916450696503098
23.097530950075694
22.291419026399424
22.400609573461164
23.73685168340722
23.529051511586335
23.723929984828555
24.082292543613796
21.81825302059681
23.55748415134163
23.051464204918396
22.804001256051983
22.925619880749576
23.772328058875786
24.266617758459006
24.077838100098187
23.0954149030449
21.551202001500965
23.465426553033183
21.326154501324822
23.20817677947174
23.620492045427937
23.269521178729345
23.520100976529694
23.073482343350474
23.686817290466422
22.45387575740694
23.40031986465378
22.996774300047182
24.23478073676826
23.519106679237154
22.475976090672656
23.612930754750337
22.36402981332895
24.178679701129013
23.392370899503735
22.159142060726307
24.275196756150912
22.617929670369236
22.34069086450805
24.131415353413505
23.774719395222082
23.004445933275903
24.269604227462647
22.14779739192342
24.075601967020386
23.611806732482126
23.32555279487677
23.14766735192981
21.166973260511977
23.96299896530569
23.254598869260693
24.282442259005602
23.907961584069202
22.149016609342667
24.154027415771395
22.64895833476497
23.051130016877753
23.16346545094436
21.705208523608942
22.12926283383612
23.807495183113076
23.25691789661975
22.014324346178928
23.8825176641139
22.25461654826526
23.82718623508608
23.816691084808372
22.964857261286163
21.468255341993867
22.161973032626634
23.968050580435705
24.220320302828497
23.966929582498334
21.834869460448598
24.301351733840814
22.80350893950918
23.14102204758067
24.31411035276312
23.399860776794064
22.84997817962064
24.11930015104558
23.43533496690617
22.64767772417619
24.189767636961548
24.268510076139904
23.58493917757126
24.278240827629
22.057078208416268
23.25316572465607
23.438735342467783
22.394199948012783
24.122903279789615
22.357311183571895
22.22888558401795
21.576187245359016
22.679759941752714
23.51665932160198
22.519754549101688
23.58954096875322
24.204237000711284
23.9505140220854
24.28484652729293
22.91849388663019
23.57068694692312
24.099908454106597
22.91821624045713
21.686742412219704
23.94147717901061
22.728667646738007
24.082773725869092
24.2397804245302
23.87550555334629
24.06502317291957
23.138779174618207
22.335507864709413
24.27737947513268
