0.7081226410486696
0.6923128166096051
0.011772375788574152
1.65772788809997
0.47373275572412243
1.0075559667933307
0.028717936668963162
1.2367315019769158
0.9975051270190889
0.6795176259799707
0.7344282818722601
1.1582327723318606
1.478870362997883
1.0685794842810772
0.9862298300266401
0.8652705004715529
0.7728789081109033
1.0518785336330172
0.5170899848573018
1.2945110369685375
0.23799024191244467
1.8053783485370083
1.8183086156249368
1.8609800103312661
0.3031908267176542
0.6238264673895726
0.7868190408266962
0.08935951651925933
0.5230518347592152
0.1270544621430023
0.3337584110860474
0.9128228341367723
1.1868000439767492
1.1739964286308453
0.9535803309629145
0.9350571767988498
1.3586254452647122
0.2623148720554278
0.8239329547538263
1.3965668413342733
0.019174531684495122
0.9358682650998258
0.9187785357032885
0.2811359269327376
1.2164291763962556
0.38181527808028193
1.8634246914189756
0.18277357873408917
1.9140476468161696
1.5439832452024849
0.7704161119816488
1.1807915486788882
0.010599417397783917
1.627314617124867
1.5784051958158756
0.012109214838712745
0.7773417642332845
1.7648203924357801
1.2240363653153077
1.2727771325875992
0.3054143046100135
0.4799315170987146
1.5555289723497214
0.004733829099020426
0.11603913512776032
0.19224362905721648
0.9902198713938155
1.551090898258546
0.18728087719947695
1.4924337723949925
1.579589949917203
1.3611995456422488
1.3596480602310912
1.1088714677165825
0.009141805599858444
0.5953644392612425
0.5938027809494191
0.2146887318643831
0.3223773509124044
0.7530483554566487
0.22014921930730758
0.34135167640293673
0.28853320658488
0.5051087303543493
0.3556111556227357
1.5322673209620952
0.6161326707630419
0.3202484684335474
1.7151197041167752
1.579003118171519
1.0415771862371663
1.9596930010791542
1.4841400948318313
1.8786238152261134
0.624608014042531
0.4009943578486421
0.4261655178256021
1.2725353182375727
1.0400813188135736
0.8259301343898775
0.04806248350528364
1.5549776892633638
0.7302414540212716
0.15714117903211733
0.08830070906094356
0.005157817237039453
0.2524770118610693
1.735145393128482
0.3690351715743283
1.2060026602777754
0.6019280156310511
0.06929362960745422
0.48781953922316035
0.6776310564903794
1.4289079329995111
0.9483978967956848
1.9407168659539265
1.3301449512928727
1.3228476929719193
1.4269978555900051
0.7274012830768886
0.36167396797849705
1.2139558058448197
1.3458404832368167
1.651510978961518
1.4505353154362393
0.574988300122337
1.16976430159868
0.7325867795728547
0.3524008876853344
1.4165094609008007
0.9530388385896593
1.9302291399391143
0.4310150610914487
1.1595548772733295
0.1570450525503606
0.9092237536019994
0.6780973050644974
1.7110414934704306
0.5635710595041283
1.83943125619699
1.878468515356607
0.9515646222400047
0.05470844631103766
0.7151635847808802
0.61424252661587
0.7509682767825474
1.0588022521728302
1.0437045212026783
0.724983270092669
0.5918744084373584
0.15021729940004924
1.0784605865780472
0.9402891512481464
0.9288290914756363
1.7771683281752235
1.13774818838605
1.6604213462680448
0.6898373810427909
1.4723909902327117
0.5041785444534028
0.9124069893285185
1.5130723995210573
0.22675697618929203
1.6255571386303078
0.853526858745929
0.35185898019992834
0.4642836458937136
1.5467277022082824
0.4951070166749503
1.8150831919785322
0.14910157932252766
0.24604193917480544
1.4763902851420045
0.6835492591113814
0.8831025911902266
0.3184424823040555
1.8447139187812436
0.8843010645609812
0.7373995496077246
0.12771433430045676
1.3267862680769449
0.3602910889056101
1.3440980061045469
1.0437116622734566
0.8480720071956096
1.2182550292991348
1.490782863084748
1.2204863341514542
1.5901726516145542
1.7829652999866905
1.4427781575513592
1.1349078006107867
1.7431495367261398
1.1727545235577113
1.4147311698443072
1.2327634091250115
0.533992523145054
0.9888247909808392
1.3930244635240454
0.30980769575015454
0.7682274089497936
1.877645963738174
0.05853389130710873
0.05002704313412032
0.7784348105596415
1.6613573758412095
0.5740712896704796
0.44045680703769996
0.49752738714919076
1.274711820687049
1.9392165998058406
0.7963896090332057
1.8178233493083775
0.7040525147693568
0.48119340874636407
0.3929403751944447
1.6898720696887768
1.3946417862903164
0.12664428745631273
1.3720287782796268
1.4594212759679408
0.14827757831395694
0.009949796696748336
1.9257772467305037
0.34271970279211406
0.2841110278326182
1.846427754434635
0.35273304328194044
1.3223348200014176
0.4089332189501267
0.8976170804331369
1.338510400846796
1.4111686662438796
1.0478319246736651
1.6499704660796848
0.5169393452702966
0.6671849341453706
0.9785555381299211
0.1070908512004145
1.251724132569338
1.2678988979774868
1.2024768049758787
1.0518315914136132
1.5558282528055418
1.0239452194589989
0.3267226611652063
0.7655492186243125
1.1532156000124703
1.9103725160105043
0.1696692885463662
1.2512318839730838
0.7978220915149823
0.8939913655041671
1.758877010964616
1.7300814502575843
1.7856424660428534
0.15804673193830432
0.8768871388130979
1.2135528560784108
1.7556366450089387
0.3624164144044233
0.6810759253594441
0.5151140938841463
1.1982977634622412
1.4655357520130883
0.1050375697977195
0.3657881445778983
1.2138468971907574
1.0455176515075228
1.5530419583171966
1.4323261443094104
1.161878125609869
1.582015509674294
1.7760225950230932
1.224759803973738
1.109418283646467
0.22634217941200951
0.7043888179588844
1.9407576682852756
0.96345129518168
0.7958341217738045
1.044994315843673
0.5851429910086967
0.0756566354383521
1.4664551775418815
0.5663057262832858
0.6185315152753903
0.09028390294997468
0.8790217947046033
0.2977983239171671
0.6114243205936596
1.5634141022861705
1.836314639519654
0.22675808834846123
0.5868129530459747
0.14215732447926754
1.0509394598112989
1.8593573378626287
1.025606723152908
0.5526082970486375
1.6311374624333101
1.584431017661677
1.6571732523226181
0.06416791550130263
1.1323496481204973
0.5454554226892006
0.5754513845027445
0.947483691428948
1.7176867038757813
1.2615041678527348
1.7753962491189093
0.025437873856605897
1.2129860936093602
1.3451960691962022
0.29812435994017505
0.14188910746568695
0.9435715094956105
0.9497638907918287
0.9818720863147554
1.4079292174926241
0.7286349845344748
1.3863125422778513
1.5717540485410364
1.8166050177042763
0.5568819105530611
0.20384741102861703
1.7294682907498462
1.6304285845533784
1.7188197518025685
0.5454242333022599
0.11925788139380167
1.9404919764633686
0.41675746273119785
1.6666254670116487
0.5450589572922224
1.5636977994039718
1.8734371672035683
1.7023046871245686
1.2160255129841229
0.6828959058451076
0.5985086130957393
1.7999705400555577
1.8507715173049872
0.9262483077123438
0.37718389807974795
0.08997534202452862
1.523334692689028
1.4468386714915837
0.5487877271165402
0.8346716009391661
0.7500792328909505
1.0583496612363668
1.9652965271802794
0.34956909891674925
1.9693750843688438
0.8239102399105978
0.6189326041392897
1.2718570127509325
1.8365916360928658
0.05591622499446114
1.4409982582007803
1.0620943952955395
0.9002462029723883
0.13697479886425157
0.1953899666358856
0.37584711273522675
1.5846779011262022
1.0338319528807194
0.26296308517284483
1.8850113306114373
1.3193585799835228
0.4951408952288663
0.5198827849637961
1.3040384620798786
1.4755732826228662
1.9428865916694225
1.321324827846647
1.8693477292577612
0.5525461537707219
0.748118896523355
0.23382493599159648
0.20482809369218824
1.192228456567011
1.3604042662119396
1.6889635433642631
0.557530898321847
0.007883301854339386
1.2228927571123709
1.2021881238586758
1.9274057291350637
0.7498481954397667
0.7980093588718251
1.1630825664804423
1.7361444818231941
0.6762558651274597
0.8253006520896715
0.7083913884902433
1.394164173620795
1.55913971862139
0.03389323281024481
1.1922463927049574
0.9045124677822756
1.6940116747141083
1.5555344106310613
1.21638184715672
0.28497625830382667
1.1598151868897322
0.19370911867441887
0.07915002593571607
1.9240525655944625
1.0449189628005282
1.690870234443203
1.8627609865313763
0.8032187499522196
1.8278259688995897
1.3385905273121672
0.7083980122713234
0.8651612186424895
1.6644998086370606
0.40723137536260623
1.3179264416376668
1.1334804467327384
0.7517224951691226
1.0457126319597148
1.2916075728242475
1.128618884543327
0.10704352162883879
1.5643594907132368
1.5111216088615205
1.8644267936403445
1.3127591752086447
0.25137109814589476
1.5144763012371296
0.47032146146602827
1.5624373376912084
1.4183213821331915
0.322923267673362
0.3269258772120551
0.7000804671902952
1.6171247122897547
0.8709263334543316
1.2177632076826015
1.748581787607212
1.7759966536707328
0.20134857703870157
0.04782354711086345
1.8981749786906335
1.9877977382294763
1.7042130805705673
1.2958285124332187
1.5880422384327426
1.138906702572255
0.2296181405189781
1.2948250816628608
0.05776771502103806
0.8354763380564609
0.929388079596567
1.6132230310868856
0.5075167692413451
1.955325836183766
1.14128793256201
1.8368785528786038
0.13038558748290185
1.6744577998724566
0.9858467970992191
0.5377929529514249
0.1401916064147466
1.3938605983016181
0.6443007594923982
1.8815752299726878
1.268464473560397
0.8293346089423137
0.34331950902891784
1.456964949910157
0.6552382538751287
0.8522910041273573
0.5769393169116075
0.3171294124051398
1.1271205162154168
1.3844550820844574
0.15219943750432563
0.13461476656544136
0.9318889761557188
0.44541790217489385
0.7589574612586114
1.2972236260112373
1.862023503537177
0.13789273466722385
0.19167914506744843
1.7723467326576436
1.0679967423073844
1.522393544503677
0.14698036965082917
0.11487584367398718
1.011397631925922
1.9216751465035138
0.40572838535952727
1.7722670568435213
1.3544998502359427
1.049708481743039
1.5752845382873204
1.7082946476976133
0.7053284804953268
1.2175889923955872
0.0771937035537471
0.22916232826051441
1.3918541228763521
1.3359050308967069
0.6555933725738932
1.3296176027096944
0.3324981094745816
0.8820445889751749
0.5464355294859597
0.3308954567912332
1.6069520955413337
0.16300898162061905
1.2784653690145547
1.767453031060331
1.5744013636956415
1.5551075451295908
1.439525824527637
1.3907401317670596
0.502969771930271
0.47449480995618565
0.42309536804730996
0.9446516005783225
0.054616143386686744
1.5266483389626568
0.6313252433420509
1.1506171602623683
1.8374289560809745
1.5858309799329628
0.6173068375714994
1.815041859766552
1.0464373461110732
0.5772512717939149
0.06755601156780688
1.5695095826088252
1.3860873331292671
0.45239306173847105
1.5265745054976456
0.9628671842667273
0.12763729537440938
0.1394798061329876
0.07918264872384206
0.9029666106268444
1.4696443025604413
1.8490749462309441
0.0580412329127844
1.2475045908678126
0.7473615122101283
1.1598485512040453
1.1638084823884771
1.096976907365323
1.1640227477330267
0.5329814421151182
1.6943465625030276
0.18446529853732319
0.9723999171228979
1.312230539136122
0.764601400999041
0.26919011071669363
0.5086287988386351
0.5543273859174072
0.8463155781709428
0.5876278280894631
0.7876353965035516
1.7490309899451812
1.8380383789754084
1.3433912312281198
0.05523682653996964
0.9749931449222347
0.43083569385191645
0.8330764755618567
0.8426950089563574
0.19279444483085229
0.33946087988423557
1.308791962174329
0.5358476834508492
1.9693774864343325
1.9150190401076053
1.348204516457546
0.2643783188014588
0.520947727395022
1.6187721014340166
0.6944588649716765
1.5326245848797688
1.6364704025674532
1.0255395322309688
0.004683802926120251
1.845207174017471
1.0016370603835814
0.5117595219114461
1.4692172728693933
0.2809430051248336
1.2569563292306292
1.7865413706202347
0.5110643208780967
1.9162064842698712
0.5353014919900421
0.5888286277450172
0.5623946736038086
0.8979521660429786
1.037091798037526
1.178736516865742
0.7255181907892911
1.181579397045093
0.10952076431594016
0.8795561064128918
0.8800124868377566
1.523882829982111
1.9323718162847117
1.6054609995568683
1.5835204868348516
1.3373476587786417
1.5885579858765553
0.44925755767222597
1.6997106624764449
0.8875803445379322
1.9974868653091171
0.876199913551563
1.7820329247272149
1.0156010877177062
1.2835604786570682
1.086637345112182
1.424666796433697
1.2688604754303174
0.037319473127524816
1.506227527165608
0.7581396209792235
1.1368328989928145
1.1353313443688906
0.7356194251647334
0.9198998614242111
1.3076803634116008
0.49958737406865517
1.9842058641385476
1.0014632955283664
1.8752787101221564
0.8873478562223038
0.9716543186862534
0.9043373789665887
1.3974774133773522
0.904872312261011
0.10619884126643697
0.7485739636776971
0.49729155785316514
0.22404069440397922
0.9331290428421308
1.8315164282923808
1.595613777371602
0.933962667937462
0.9001500095980068
1.5762741377157887
0.9494877142997131
0.8725890948186628
0.822591685302597
1.324196195511889
1.880163144703669
0.44852653036162593
1.5211675394616684
0.10992330920779558
0.3856083881308674
0.2779461040230977
0.33444254763752923
0.41195652234164015
0.32467809068900344
0.5689925568988725
0.7499822566514496
1.2733645134020115
1.9038905340245984
0.7215492541434738
1.4659197042670904
0.37451426706993196
1.9087348625432217
1.9619575322407385
0.36372712530803053
0.3002245811373214
1.1628604536616312
1.8322699107001537
9.582909661798311E-4
1.5993171659908842
1.4586259773554975
0.7686388661623882
0.13055670246385898
0.9652269251004864
0.2921462971402846
1.0109561045305782
0.6761399363208103
0.2456994965239172
0.2964673563268416
0.107986448361852
0.709439926723558
1.5663012062984674
1.8917904562957952
0.8251193240156933
0.2355862542963587
0.8759537714851824
1.4699372349989819
0.10395361177710072
1.9658259498304496
1.5488057647846638
1.7953214952123755
1.3627422114723151
1.117793618574395
0.4931121208169875
0.8588965553687986
1.7531023789475757
0.532565906091996
0.8729144969819478
0.43497440050346636
1.635129018552183
1.3082046962170502
0.4523459537953549
1.0926813161123903
1.2031370683423406
0.2661399324282492
0.9727880459984881
0.7445393591802114
1.6769820443175814
0.17082130898040315
0.1679115168566705
1.0335182791242685
1.1796569270599662
0.9474778022522026
0.49282539111259727
1.1408890350938847
1.3871919927342642
0.12081374319634275
1.1568633472468708
1.5176750025124068
1.1043013120567302
1.4305645299855119
0.00719881860527849
1.9704448071649656
1.7536062785824882
1.4133941301247983
0.2101176453241873
0.052344496232721305
0.8376149871289087
1.9182472666511883
0.38331625135857195
0.727999225762634
0.661732477713123
1.1414876311961688
1.6653989516704835
1.3649612911962095
1.1795147338069416
0.7372245195889526
0.3226883622382761
0.050049427409398994
1.2806864704071188
0.2708534069313302
1.9670738369250786
0.7050417468968657
1.91523270735183
1.0293357499279754
0.6238282443377283
0.7479261940668689
1.5638465089517943
1.3232492752589948
1.5520966621755896
0.5076012101428375
0.004702984848591996
0.21714712848266515
1.1141617871285288
1.4543400904336092
1.3343977772633888
0.35308446848481
0.6694971701420975
1.9824984066525646
1.831612038834253
0.08729999541183098
1.7706527048685157
1.1505140542299142
0.4897462280585563
1.895437283864509
0.5742285985050319
1.4511825968985805
0.26920643610390815
1.297170303422849
1.916826519293192
0.28319723690439336
0.04005131499595116
0.9719331113380392
0.5490535879562213
1.2690106280043967
0.651129040250547
1.208360689744488
0.5643829540826619
1.0597419887493897
1.4189230412043035
1.4826096379727076
1.7817896462862546
1.5381257001707445
0.944160049497107
0.18470134468851107
1.8306269000314757
1.8621678366124375
1.66430936492997
1.31189258649517
0.4702314499154463
0.6281307703868242
1.5802624228473618
0.7497343840401864
1.1557144482579638
0.611869081042693
0.04519430213016129
0.5231916595745556
0.20529131816345014
1.1581455773200435
1.878868486551034
1.9188045332306825
0.2684914185543823
1.4599024560575327
1.5562113400797095
1.6455576178554914
0.32364147506688035
0.36492159613718744
1.4231480881010992
0.022059278450411668
0.49129489583867425
0.11628640665035483
0.8706310514141791
1.35457550330427
0.8562255904370257
1.6699051060996801
0.01876258796604624
1.5409976408721846
1.1426464854280898
1.8986749724536764
0.8969493581172641
0.747796838017643
1.8218360733682903
0.9539613604254544
0.6331186121836803
1.127222431670134
0.7868069180131041
0.8544489148832906
0.8726945707911185
0.3029048548110893
0.4890738248124835
0.2499160005557446
0.31386516651121354
1.475352861572917
1.857657748338962
0.9778644380090604
1.915648273128845
1.0394888926739156
1.3041052588264481
0.09901162636475824
0.5218027608711546
1.603687187886421
0.094427679117973
0.7137944297705348
1.527900117715034
0.9134598340490205
0.8855012413034506
0.36974984503642894
0.1908873153864885
0.9129411972749253
0.2017533485140124
1.1788772072784326
1.045798899053322
1.131711751954942
1.1649044766551242
1.351519531402393
0.47010185923628
1.6392738159360007
1.6590782735821081
0.6516335268737752
0.4260635380994353
0.3329376752191564
1.4058718955889287
0.5317795206315843
0.9787059311386344
1.7723097306019024
1.7436741612377844
0.7039356790526732
0.8766726794282853
1.5806424275507807
0.061094514824718615
0.9798093260892138
1.7860080031332952
0.5872822549690895
1.1858390407072044
1.1746012456910577
0.4421264579640649
0.9948879576228578
1.630484324342433
1.6823056840306947
0.7175657264420687
1.3530061274863199
1.9013994421930214
0.15267107022751958
1.3822919052853617
1.7308394879625641
1.2776086170071341
1.0707141001359544
1.8693259207547488
0.090215073038026
0.34636780264432865
0.2697685946272905
1.4488507851124108
1.8087233806533227
0.06466557906419368
0.6550362464888746
1.838697058635237
0.15612747342004418
0.6827473729856894
0.0013299216918429835
1.008991636403751
0.9803814915045397
1.194816444379919
1.1630100022057714
1.4491452269285716
1.0346893236461412
0.3585408446522802
0.1206663165675792
1.9072389968938257
1.758551065581936
1.9416476840661208
0.43708443227107985
0.9630486080706948
0.5303101414549225
0.0978508336798587
1.1055189690157716
0.2849259138654361
1.5685015027396645
0.25042985434860654
1.4023630775520086
1.5388949588918077
0.7196727730545369
0.1954413200877827
1.6138657766811502
0.32449268371798823
0.8373621058090297
1.552310758838181
0.5076044313081018
1.693042770409276
1.5813324518536058
1.7564922235062959
0.43932735783284915
1.9609995123387653
1.0752330225178959
0.42284999558321346
0.0906312112942782
1.7232735121352185
0.4352192223351228
0.18668159551717878
0.26408255223571864
1.4994091390292965
1.105013913021459
1.7309578312874105
1.455495601856553
0.2176641641424215
1.6219188570597698
1.9405931138899746
0.546892447037413
0.8373064887563046
1.7273886315835654
0.1404480666202108
0.34879198709642445
1.4917032170667
1.755671362195975
0.547433839638332
0.006913771064260388
1.3496583810031932
0.0430896548678712
0.5433702837632808
0.4930108976898939
1.6825218182454869
1.5069135326135958
0.756228258380391
1.3200821137512442
1.6006417570094875
0.920950647837981
0.7169168931672383
1.9377947745038613
1.4882195740720103
0.9679330137073858
0.7746054142360705
1.6669791300306693
1.658979503053887
1.7933691199526027
0.7120302354628452
0.24212233376344372
1.1829839674155513
0.9617892110450086
1.9156187695973443
1.4886205865007964
1.347935494259409
0.6856459350068702
1.4002842086960712
1.2677158840721852
0.647197880539796
1.3730062684271411
0.5353738107359804
0.6148375790207048
