0.11522027074622959
0.4932998141645917
0.3453082633372046
0.7091673068364626
0.18354790916230704
0.5556343354596305
0.7143668877627238
0.015989194180801317
0.8855797446597085
0.09661564756643351
0.6329014640761094
0.7816272323694461
0.541095698542561
0.7897525026319816
0.2565794455677915
0.373769674506648
0.43959412459227365
0.8823729006792972
0.22463915342181803
0.9589853980005515
0.6417428142974285
0.4301043736237628
0.9546420401259913
0.01397666197360027
0.9754075533366867
0.7298536948811082
0.19360792291389023
0.700024189474095
0.23612031420150817
0.6381322117123737
0.49183648520871504
0.5976779827815638
0.4164254289349896
0.00923395996340638
0.6293440353535266
0.3525827750832533
0.31583139856694925
0.7308355975861227
0.5952079872533791
0.047118877126535695
0.021084993175815317
0.9704019203368601
0.7285846584410193
0.8507274838873103
0.6372534716090934
0.8069660726100664
0.6741472170792714
0.36864482057557185
0.9921045000554591
0.21509075939900812
0.4184245803650812
0.6467681331282037
0.19893116950839457
0.37706190679743223
0.4425479421986471
0.5856241494216362
0.5094519953841139
0.05475268846576012
0.6909044157120926
0.14469911737092647
0.7704777877365394
0.011768109647233193
0.7848465071779395
0.10449630595440461
0.18580470166980015
0.04318287043345562
0.43954419406067236
0.7717547869846525
0.6089415749659877
0.9472062070116487
0.8838620109723816
0.8859497498058944
0.9794316026094811
0.860469492888734
0.4547865662557817
0.08133285131491653
0.036470907791244206
0.20992716710538672
0.48996204019984513
0.537099593603657
0.1731790735011628
0.3694554693570204
0.33726744074924025
0.5589490754887682
0.18201388816630545
0.13933596593235056
0.6708294921612779
0.9325756974507715
0.034935191788154456
0.9722471241451527
0.11645365662377373
0.4949276333138267
0.8909776437435918
0.03458824851725471
0.47649912975239445
0.18608705073514076
0.020260856515161026
0.17432684475694807
0.8634050053498777
0.6886659516328936
0.16527768852926467
0.3166351206367395
0.5463138151163894
0.47524255440837126
0.585012540572806
0.4712328963976813
0.40901229680843504
0.6654810067249662
0.24485482076861173
0.4426758197732398
0.44104399826523477
0.23334838622251766
0.6947129825521907
0.5994186316608712
0.7700012579141202
0.8159654473177606
0.3583325418061566
0.9462858391175314
0.9084930553685311
0.8751232505894125
8.232882257876288E-4
0.855969975501257
0.8956071760909732
0.006918773530403302
0.9436466409037542
0.8970862676814473
0.99184840730184
0.9423000415912365
0.44886559916036056
0.48357834548257994
0.7176503376816171
0.4004654400988465
0.20881647878626802
0.7214876591062467
0.7179097715549773
0.23463349496196045
0.7903375035948178
0.005307110499554003
0.29024021647438436
0.5684629709950597
0.2989314980324332
0.42389838223890175
0.9268321542909818
0.763757142839614
0.3303210549014449
0.12604577391321647
0.8139588429787552
0.3152451589450871
0.9203290174533553
0.1299124925349548
0.06377269196851089
0.712234831944436
0.15577825879088358
0.2783498418680623
0.7426713827196575
0.5554573841702063
0.17452185904773213
0.4695673726539603
0.10310277962559292
0.6263922363888363
0.009411074234281305
0.4404757634370715
0.39227103776150063
0.42126590817412257
0.10793947769506762
0.43124632877006147
0.7675319329381901
0.5628098871970687
0.5996226471843514
0.35894047891573116
0.8728031537581279
0.1416451942291742
0.439060262552081
0.25566044904616725
0.6810845178753387
0.6792523944926249
0.06407878277461805
0.2080338674709674
0.045388058357017196
0.02997266039714123
0.714683497857326
0.02140691180910018
0.8120149888266087
0.7214125572537248
0.708998702525625
0.537457412393937
0.7715009643298122
0.11478702693449383
0.34814408470151587
0.004723737022919213
0.25050402095146107
0.6776101770963662
0.5521672752948952
0.7060461817859386
0.9928731857699433
0.7116796612437065
0.06026762685775891
0.44373135749771914
0.40997483731709633
0.8382211860803251
0.5918962996339839
0.6602842034682876
0.03591399784560408
0.21939990048212918
0.09148596239949479
0.14369896540003685
0.9925184426724702
0.2329253399273269
0.5235784801518244
0.941810661845576
0.8640444537588085
0.06652882704492029
0.367972892291806
0.5506779647674569
0.7114404976062111
0.9664139248892859
0.610462285034073
0.20713228668151276
0.3416244913939729
0.9786734990477658
0.9781384286165309
0.34002887737941306
0.03925591386750701
0.9221662584536238
0.26348846442553464
0.6083838594263195
0.6157475406523992
0.6472403811950801
0.26764468699830307
0.7447617967772695
0.10191663089476055
0.2521760476550684
0.8078589990844843
0.9725870475721364
0.9274959567852727
0.6796039524668883
0.24111589357412777
0.9048874213894188
0.20722416863854626
0.2814390225542323
0.761153029875578
0.7191895927104953
0.5289423836333803
0.29325329879287626
0.9193091586967592
0.5495156695361002
0.04197052359856272
0.45792884397031114
0.4811456284688026
0.39936298001468595
0.1364448915279166
0.40520645175856507
0.7412493718898614
0.5828809178195161
0.3318694764727766
0.5124617947905257
0.9411096460294579
0.0056931297374327615
0.8289121466161388
0.46298217465586333
0.8764049972543563
0.5001907537228298
0.4864764397309298
0.6679790723155892
0.337482052395328
0.785399279723036
0.20821693289310242
0.7623598376694506
0.4809326885467386
0.9555392064464361
0.3697462003255443
0.26623282292797157
0.6617201282573679
0.1686235417173573
0.5729130304971426
0.5342242026714015
0.013087560906662923
0.04445410945143659
0.4486705988394151
0.900669123838659
0.7454934903590383
0.02417582463125115
0.736630279668556
0.9884012495005521
0.061960852791500536
0.8606287187812319
0.49026527650225715
0.28150586590381227
0.023579489472666044
0.12185043579225954
0.5687730571750175
0.44513019236521356
0.8055826534595099
0.9383856369253047
0.8244390392086083
0.8638746550267674
0.43229437633272405
0.26890117386668155
0.19856638442524668
0.18317138010147685
0.8135993571210643
0.9420478860038071
0.7295864332414974
0.32992724980683147
0.6276206625080025
0.7553970791707706
0.795342673261663
0.23534681587761289
0.13083462994196635
0.9845400978595112
0.07852554937618629
0.21221134282491824
0.5575515933673153
0.03808567678288419
0.03328297664404331
0.8188343725430328
0.7560931380224784
0.4027028122023253
0.37061702185862283
0.7704451704916244
0.7195485174463343
0.9681383058914984
0.8857499927548924
0.47882628368049807
0.7919792273901113
0.6956074713202298
0.4983352518151541
0.9571635657323015
0.1563865055652147
0.72031188530891
0.6130297597679726
0.8330137308216845
0.6524319108376725
0.6985230232102653
0.5073450130978763
0.930062688789418
0.06919315234179584
0.2040376740564187
0.2815447067118409
0.6750754732756067
0.47429002561740113
0.07702675100000587
0.4248442311186961
0.3159387940297911
0.49326838435596093
0.029606052250051012
0.48625746251026747
0.17492084928078697
0.5987850482558623
0.15458403549331803
0.463815461560826
0.9032904802401883
0.05875774574292509
0.20886868872987388
0.6262440396839437
0.33229086268547575
0.9203474879083421
0.8744465795454288
0.664953801312885
0.6982662762025366
0.14553197353919778
0.08039127953405205
0.7667023643386117
0.7251366740909452
0.5945771768613399
0.04745106824783292
0.9615111704378079
0.8531089385782028
0.6281228293126302
0.6245975521736744
0.712667831749657
0.8947790440564682
0.5604440391442422
0.5863925161581381
0.4750940713217865
0.4312028429906855
0.38436501713148086
0.6522767245568476
0.3870789330272175
0.03313307561883667
0.30483039045449867
0.2778072207390432
0.5362366021651355
0.7023548684581484
0.7095562457706168
0.5821272822778587
0.886669499175627
0.020251256907709767
0.19554025194915978
0.11001162153204663
0.5664665762797928
0.25001806847288005
0.7975607669878203
0.30780634792680805
0.8334188165609988
0.9277721428234672
0.398169178140586
0.023380405302225248
0.7412716328277322
0.6367685272872008
0.6050186743098572
0.18099156140488326
0.4508834096382606
0.17956407207003433
0.35919832022748654
0.05611260336280698
0.30324842264398244
0.052837421260081355
0.6807588832649759
0.6523025803998614
0.4247760257098489
0.7863306325669362
0.4683094259374441
0.21934447049071706
0.8268795071545236
0.08378232980675389
0.2546575333755336
0.3028778563759446
0.23602011553387173
0.8549449642025096
0.7386751287691413
0.690850401330996
0.23641142235567525
0.1949325267154712
0.5361670160705694
0.8745608109159779
0.8059258644551865
0.22166821577819282
0.7590041427300369
0.8428136611024108
0.8813824367915035
0.5727363236798947
0.4013092230092397
0.7065654011069313
0.24641346127690766
0.8387678910588398
0.5960006615091125
0.4732344017455835
0.9647015137104804
0.25924488379514526
0.062335060530810234
0.7387659932562606
0.9370608235761442
0.6394990277097081
0.5912344482604895
0.9921267377102655
0.23022312609975662
0.621107143751961
0.8405896790892673
0.0077220089841475836
0.9491402846050546
0.20436817482724065
0.4083402590942666
0.04190483043236402
0.11001137705987046
0.15953652722696288
0.010118406745770582
0.8131244501282336
0.4474856445297864
0.5145968890487173
0.8588797625045475
0.3088188282802964
0.13227920671777688
0.5186978539247501
0.01744004108585423
0.8565243778608614
0.7121947967152038
0.5161383210441167
0.6109719047476145
0.4818859693806888
0.715319337391275
0.3922071583460185
0.09238185280801056
0.375681200123878
0.22177214439274578
0.7507812815030775
0.6847298564641688
0.4364669668997642
0.6502147763737683
0.2227794931588408
0.5079861658271209
0.1448093347411733
0.23004599785904306
0.7867222700082542
0.35862143574089944
0.817462566984998
0.3514466500162799
0.2072542945955707
0.42684763869295966
0.037931344990522614
0.14415629600755353
0.23074791938636627
0.1526525376634475
0.43739019628249604
0.38860306803407574
0.9939553663050132
0.028234798500642366
1.1022808045646373E-4
0.9495315681437937
0.5056004945732661
0.13536551194549376
0.750907019364052
0.9785428950263321
0.5844796517647053
0.46448959242248383
0.01096298128035336
0.6285516265247273
0.368277018007278
0.7755345107645745
0.05366634957538873
0.45266292028035443
0.21951560334234815
0.6817893684121632
0.92059220222839
0.20755015715148786
0.8974685267044257
0.2715486305834008
0.9564577815445947
0.36096146287530867
0.8511284694789841
0.0877954523374263
0.19743790086000865
0.7940649522385536
0.4367608247838367
0.7840092621520292
0.48921955258942146
0.6479098531155519
0.6203931103745379
0.3141821240738716
0.47221000744804276
0.8347833997124574
0.31054232452606173
0.9348676892950214
0.11265974181610124
0.42888239225682206
0.9361072330774375
0.364274167964618
0.9315672520523434
0.45235837314141686
0.29318916326368577
0.16411743289434924
0.042124413012700736
0.6107059120350135
0.730366027071652
0.9833473879611316
0.7830819489198019
0.9531616796085076
0.9168862974041416
0.6363225751132554
0.3064763377976739
0.9983086194819426
0.1269791267723485
0.40312668970291504
0.9253136910386109
0.24371199017909168
0.17258879892424048
0.8426653177142125
0.960104195811
0.9086682511148997
0.492822974677416
0.6340608722074808
0.6454471032770077
0.31171810763662416
0.055249798188800645
0.14246615973645751
0.9566712732752849
0.7232844900199461
0.5878863971511178
0.07735391065108671
0.9902624464457795
0.07080610758271921
0.00836007205074663
0.0210662153843784
0.7142986288028285
0.3972439743539933
0.9985475270057296
0.7945251583045234
0.4612627832143513
0.9063658144879608
0.02949651940189747
0.1660933897356876
0.07168574175567237
0.18143180689974475
0.2505157439743854
0.1908749102487344
0.5321177209710484
0.7216352807194487
0.43777548676045913
0.7142358995707275
0.9828689116745287
0.3473409912744644
0.23563707419992946
0.27306858395189315
0.9568384712890328
0.028558323665370686
0.5158350474888017
0.8045572440203613
0.11873893828886413
0.4033912179107655
0.23912886330736177
0.44333263269159845
0.7225669292582668
0.19005956294489032
0.3661467899095455
0.9576101325791471
0.4780672511245132
0.3633139767171545
0.6692310678808453
0.3154003103013155
0.1736402434859987
0.998424478338693
0.9769426593234893
0.9521463773476142
0.9208904838946981
0.7048407686476234
0.5525691316731774
0.6060342419976847
0.6187971424573993
0.7856848488361828
0.5451449936420819
0.9426780328285108
0.6247298232625189
0.8812019907141132
0.2157293556477819
0.3778455705072436
0.8703845160133921
0.258653137728553
0.0862135660176355
0.10811145106532348
0.6852204539140972
0.04818730901207865
0.45266927655693506
0.7996968787159261
0.9191805733170089
0.5159364405776418
0.5758884454740516
0.18683864202374403
0.06275051887531372
0.2795668779121249
0.5295926260709659
0.6380467209565175
0.1903360935724379
0.6582896085338987
0.9827808341702179
0.7401331282315773
0.5674056125349444
0.29934067460616215
0.5085347683753838
0.30746598212160076
0.2860269038277123
0.40422976911658853
0.028574735897464773
0.8344056739021172
0.5764878679669758
0.9405636767957783
0.22625443929748765
0.6427075969651913
0.3349744314350762
0.7876204165457101
0.34598669458085674
0.9749331469297406
0.06852917289621546
0.9936510194004294
0.43520344621763113
0.4884513488343703
0.9535544765464326
0.7372093970010188
0.9436790672275411
0.8715128691934695
0.43073020609663365
0.668438945433738
0.8077840392586552
0.2000829594210949
0.5601663443634748
0.3564875591869758
0.9265916472206707
0.4337259332189233
0.1311271746612068
0.9325388915825713
0.7706474258154362
0.37859138526756975
0.2976984478966777
0.9811211637888865
0.17729164265649158
0.8436287429793208
0.6055436003099339
0.9334418390879061
0.7493437431976344
0.8662819888437381
0.4996160694858284
0.9101968448285901
0.8752742552318716
0.35182577746709687
0.27437436572421486
0.46324304509429687
0.10177153083743276
0.7295031241087753
0.6597931054324747
0.5909559362441618
0.4019127596196431
0.3083418327965892
0.16137168904958063
0.6828511995489494
0.36506516118310184
0.5595542488985987
0.508283886371577
0.7080985955541468
0.2869007125779531
0.8807397636781537
0.8272723250472066
0.9389851478938737
0.7254339964950001
0.49515178635970475
0.9993263338683075
0.13801809093638057
0.03495182520936033
0.6589925568443619
0.05781730784729679
0.8264804680270336
0.8731786443942859
0.15519634516238656
0.6685673678320376
0.5700765688485604
0.17289859639419977
0.5082990017369842
0.8680021998491169
0.8338397976483775
0.6613166117965942
0.5053866722230613
0.2227180375103625
0.21352288249906556
0.6481277034358974
0.23769758348962886
0.04229402082361377
0.927147372058333
0.4516113430051292
0.8428515589463313
0.9632910885335287
0.5712772182718998
0.6838799803758226
0.7964710124719018
0.3841707385855318
0.2707800286879484
0.5993877536608666
0.37279830040335415
0.5631148394613268
0.2002903114077034
0.7027318538670407
0.2111939823411321
0.13559231926071316
0.2773533849194926
0.11516906476836056
0.2596695016971829
0.849448449699369
0.6528717884601165
0.8858225218287984
0.2052830269634021
0.20259220321093527
0.2591856283962526
0.4302422186782242
0.40118131749496977
0.8046392609430094
0.6379571090982628
0.02915773218845632
0.24630693660067432
0.5257811837724147
0.39705472494995414
0.9881832687950459
0.22762702018156697
0.33790366911036473
0.5769618762335208
0.9391735474660623
0.321231893712513
0.9900177670503283
0.7958353941270645
0.38154529833450723
0.15984619198345512
0.45484720699700604
0.01936263780020546
0.0668203333394886
0.5874878586095122
0.6999879447277467
0.9058338989119519
0.6427223630846325
0.9135493942260036
0.27755998486312106
0.005940232899887813
0.13830363210985014
0.32537359463801646
0.954750790663181
0.03196457777912437
0.3109637433350511
0.39701072228654855
0.7446499635623535
0.9527345727468858
0.9868374564501049
0.08933355718292327
0.41140585170789506
0.7974500304052374
0.9839962241016276
0.7870587079604976
0.36800389369205183
0.15328370894298476
0.03776426804870963
0.04040972475019711
0.469225768189727
0.4939319516913015
0.5540249099312698
0.7853392932359212
0.35920946815872024
0.6121228401718515
0.24267299740017345
0.7431334700572306
0.7113829581691645
0.1905824749598966
0.7662685682525885
0.6607065861961431
0.10252408138828922
0.36870878846669863
0.46825847793592856
0.41512224788096114
0.8317900032249139
0.727253896268905
0.7638229454362154
0.8603881628164857
0.07884805707100041
0.03433205331815228
0.03318534377010354
0.30647487794953615
0.5683548979950439
0.408721146744752
0.03892125474138361
0.8736843478963957
0.9113181944628966
0.38977429930554836
0.5376875142627687
0.7818141814067227
0.7224419713799497
0.19454715707508916
0.07876635912633458
0.04606070841577934
0.6728117214601651
0.4027994276063509
0.18937240753700826
0.5787914850452796
0.36878094035496134
0.5668802883944665
0.8841757456085306
0.10509498571757458
0.7032374921765702
0.8588011518942208
0.45949267427366136
0.5157813125044778
0.3613324622083443
0.38879329067020674
0.6242887721736293
0.7406382566419965
0.3662729654921307
0.9800217351597106
0.15085266365323122
0.5021033410477964
0.035893529703691876
0.1496659840685306
0.24426761722788348
0.027702189089314346
0.45842983730849324
0.3970818660181228
0.16516976221255458
0.6705827987807562
0.3052764846551369
0.8127565381295372
0.04876601423430165
0.7219792973091537
0.061989465349339135
0.4869465550691074
0.1867123523541433
0.8504382267367628
0.1614949565774225
0.8647329805391836
0.1365679308817274
0.20728685363282476
0.6221791239765181
0.17847296015146136
0.1761320575738308
0.6852690270430442
0.8993747693943439
0.26016206656605295
0.7359868056177908
0.9097568996852593
0.5755845525892236
0.34953452369598836
0.4251910114081451
0.5404000890539961
0.9303685490931877
0.18131528447565895
0.2960277925655634
0.1335561407733096
0.007356639496083333
0.7824931644590011
0.9067070650496153
0.049587657278758926
0.3673678725502005
0.4801925688239642
0.007757655355740789
0.2834169607843509
0.08878551808481876
0.18662607928732328
0.24676167813142996
0.45442766480300717
0.6808921718237346
0.5144408482794289
0.12511826277494187
0.9484814064788838
0.4852552104069691
0.9012386066390741
0.6638518511278347
0.47463450554008757
0.4724700606509159
0.6998409121760739
0.16647582570995553
0.6459258100659482
0.13113596867462987
0.5703940846543677
0.6858952576563162
0.27588632601669943
0.15894889294954329
0.8781727848735258
0.0268775518427755
0.8291170422394533
0.516869572247662
0.7968814859123177
0.6274741468403593
0.8764053953947575
0.1629054050374386
0.5914558888293652
0.585489645486916
0.6242900550704776
0.8760521331001802
0.14898452369820028
0.9364446931562079
0.0750117833842688
0.4608736463741497
0.1783668778534516
0.5994949628591932
0.8251891450377029
0.4337798288563916
0.8417631315650834
0.2487043169076149
0.025236594060300748
0.4138641684509779
0.7271268103185019
0.22608135066844712
0.5323573432849125
0.5789672651965645
0.959237257893063
0.8688303970762021
0.38882921178195984
0.4158773130027726
0.6565618864119451
0.14611578939405612
0.8564770876287628
0.9964212127911223
0.49135708924106847
0.6311049358422471
0.415468762743476
0.6144415307060465
0.7610344282738414
0.3038584622142722
0.4789531577550152
0.9770481129787603
0.4823919173549748
0.878371235744615
0.3533137515466387
0.04442911508180543
0.8449174885334225
0.7547370415479928
0.1462186190479695
0.01900676780241556
0.7123122621033978
0.04021360451385417
0.022189369456175764
0.23232998731405938
0.5442698810402349
0.2958744433185194
0.8799007049015267
0.1929621601378948
0.8117394756689753
0.12287384754448269
0.0632199264083336
0.6201407778358191
0.30036311312629344
0.3830124899507675
0.33697124757380864
0.5380037401868083
0.1477703933805745
0.9861777471185351
0.98665842598303
0.08864534938053044
0.8723135737781137
0.22352896103197098
